{
 "cells": [
  {
   "cell_type": "code",
   "execution_count": 1,
   "metadata": {},
   "outputs": [],
   "source": [
    "import pickle\n",
    "import pandas as pd\n",
    "from nltk.tokenize import RegexpTokenizer\n",
    "from sklearn.model_selection import train_test_split\n",
    "from sklearn.metrics import accuracy_score"
   ]
  },
  {
   "cell_type": "code",
   "execution_count": 2,
   "metadata": {},
   "outputs": [],
   "source": [
    "def preprocess(document):\n",
    "    document = document.lower()\n",
    "    tk = RegexpTokenizer(r'[a-zA-Z]+')\n",
    "    tokens = [token for token in tk.tokenize(document)]\n",
    "    tokens = [token for token in tokens if token != 'br']\n",
    "\n",
    "    # These preprocesing steps increase perplexity\n",
    "    \n",
    "    # stoplist = set(stopwords.words('english'))\n",
    "    # tokens = [token for token in tokens if token not in stoplist]\n",
    "    # porter = PorterStemmer()\n",
    "    # tokens = [porter.stem(token) for token in tokens]\n",
    "\n",
    "    return ' '.join(tokens)"
   ]
  },
  {
   "cell_type": "code",
   "execution_count": 3,
   "metadata": {},
   "outputs": [],
   "source": [
    "# loading the trained model\n",
    "llda_model = pickle.load(open('llda_model.pkl', 'rb'))\n",
    "\n",
    "# preparing test set\n",
    "df = pd.read_csv('IMDB Dataset.csv')\n",
    "df = df.drop_duplicates()\n",
    "df['clean_review'] = df['review'].apply(preprocess)\n",
    "\n",
    "\n",
    "X = df['clean_review'].tolist()\n",
    "y = df['sentiment'].tolist()\n",
    "\n",
    "X_train, X_test, y_train, y_test = train_test_split(\n",
    "    X, y, test_size=0.2, random_state=42)"
   ]
  },
  {
   "cell_type": "code",
   "execution_count": 4,
   "metadata": {},
   "outputs": [
    {
     "name": "stdout",
     "output_type": "stream",
     "text": [
      "9917\n",
      "39665\n"
     ]
    }
   ],
   "source": [
    "print(len(X_test))\n",
    "print(len(X_train))"
   ]
  },
  {
   "cell_type": "code",
   "execution_count": 5,
   "metadata": {},
   "outputs": [
    {
     "name": "stdout",
     "output_type": "stream",
     "text": [
      "i saw this movie when i was about years old and i liked it but it wasn t until i watched it again at the age of that i really understood it for what it is a cartoon about a criminal dog with a real heart of gold adopts a little girl in order to exploit her for her talents to talk to animals the dog star charlie b barkin is murdered by his formal business partner carface who is absolutely diabolical by the way his soul then goes to where else but heaven only to find a golden watch that is really his life s time which charlie being the sneaky but lovable cad that he is steals and rewinds sending him back to earth once back on earth charlie goes about seeking revenge on the evil carface this is how he comes upon young anne marie the lonely little orphan that can talk to animals whom charlie plans to scam for her talents in order to get back at his enemy carface but scoundrel charlie actually comes to care for young anne marie and his plans unfoil as he must make up his mind to do what is right after anne marie discovers what her best friend charlie has really been using her to make money for a new and better dog casino now he must rescue her from the dreaded carface i still love this movie even at the age of the idea and plot really are quite different and original from that of many other animated films i especially like the idea that a dog plays the role of the villain for once carface was even better than he was in the all dogs go to heaven sequel in that picture he appeared quite dubious to his role of villain\n"
     ]
    },
    {
     "data": {
      "text/plain": [
       "'positive'"
      ]
     },
     "execution_count": 5,
     "metadata": {},
     "output_type": "execute_result"
    }
   ],
   "source": [
    "# picking a test instance\n",
    "id_num = 100\n",
    "unseen_doc = X_test[id_num]\n",
    "print(unseen_doc)\n",
    "\n",
    "# true label\n",
    "y_test[id_num]"
   ]
  },
  {
   "cell_type": "code",
   "execution_count": 35,
   "metadata": {},
   "outputs": [],
   "source": [
    "# predict labels of unseen document\n",
    "topics = llda_model.inference(document=unseen_doc, iteration=50, times=20)"
   ]
  },
  {
   "cell_type": "code",
   "execution_count": 37,
   "metadata": {},
   "outputs": [
    {
     "data": {
      "text/html": [
       "<div>\n",
       "<style scoped>\n",
       "    .dataframe tbody tr th:only-of-type {\n",
       "        vertical-align: middle;\n",
       "    }\n",
       "\n",
       "    .dataframe tbody tr th {\n",
       "        vertical-align: top;\n",
       "    }\n",
       "\n",
       "    .dataframe thead th {\n",
       "        text-align: right;\n",
       "    }\n",
       "</style>\n",
       "<table border=\"1\" class=\"dataframe\">\n",
       "  <thead>\n",
       "    <tr style=\"text-align: right;\">\n",
       "      <th></th>\n",
       "      <th>topic</th>\n",
       "      <th>probability</th>\n",
       "    </tr>\n",
       "  </thead>\n",
       "  <tbody>\n",
       "    <tr>\n",
       "      <th>0</th>\n",
       "      <td>positive</td>\n",
       "      <td>0.643678</td>\n",
       "    </tr>\n",
       "    <tr>\n",
       "      <th>1</th>\n",
       "      <td>common_topic</td>\n",
       "      <td>0.356289</td>\n",
       "    </tr>\n",
       "    <tr>\n",
       "      <th>2</th>\n",
       "      <td>negative</td>\n",
       "      <td>0.000033</td>\n",
       "    </tr>\n",
       "  </tbody>\n",
       "</table>\n",
       "</div>"
      ],
      "text/plain": [
       "          topic  probability\n",
       "0      positive     0.643678\n",
       "1  common_topic     0.356289\n",
       "2      negative     0.000033"
      ]
     },
     "execution_count": 37,
     "metadata": {},
     "output_type": "execute_result"
    }
   ],
   "source": [
    "df = pd.DataFrame(topics, columns =['topic', 'probability'])\n",
    "df.head()"
   ]
  },
  {
   "cell_type": "code",
   "execution_count": 38,
   "metadata": {},
   "outputs": [],
   "source": [
    "test_num = 6000"
   ]
  },
  {
   "cell_type": "code",
   "execution_count": 39,
   "metadata": {},
   "outputs": [],
   "source": [
    "y_pred_proba = [llda_model.inference(document=unseen_doc, iteration=50, times=20) for unseen_doc in X_test[:test_num]]"
   ]
  },
  {
   "cell_type": "code",
   "execution_count": 40,
   "metadata": {},
   "outputs": [],
   "source": [
    "pickle.dump(y_pred_proba, open('y_pred_proba.pkl', 'wb'))"
   ]
  },
  {
   "cell_type": "code",
   "execution_count": 41,
   "metadata": {},
   "outputs": [],
   "source": [
    "y_pred_proba = pickle.load(open('y_pred_proba.pkl', 'rb'))"
   ]
  },
  {
   "cell_type": "code",
   "execution_count": 42,
   "metadata": {
    "scrolled": true
   },
   "outputs": [
    {
     "name": "stdout",
     "output_type": "stream",
     "text": [
      "[('negative', 0.7580088713652045), ('common_topic', 0.24192072097444198), ('positive', 7.040766035344644e-05)]\n",
      "[('positive', 0.5694287895865906), ('common_topic', 0.3136385121623096), ('negative', 0.11693269825109988)]\n",
      "[('common_topic', 0.6342507547561619), ('positive', 0.305272910243918), ('negative', 0.06047633499992013)]\n",
      "[('negative', 0.5594434515457217), ('common_topic', 0.44009866623340177), ('positive', 0.0004578822208764752)]\n",
      "[('positive', 0.6196214828199937), ('common_topic', 0.30570764778609566), ('negative', 0.07467086939391057)]\n",
      "[('positive', 0.5777713605024726), ('common_topic', 0.3947586903945421), ('negative', 0.027469949102985232)]\n",
      "[('common_topic', 0.8844307044662238), ('negative', 0.11550351904229432), ('positive', 6.577649148194436e-05)]\n",
      "[('common_topic', 0.9997436883250033), ('negative', 0.00012815583749839805), ('positive', 0.00012815583749839805)]\n",
      "[('negative', 0.7375021182850363), ('common_topic', 0.2604643280799864), ('positive', 0.002033553634977122)]\n",
      "[('negative', 0.3962175163891902), ('positive', 0.3066075555345942), ('common_topic', 0.2971749280762156)]\n",
      "[('negative', 0.713832548303374), ('positive', 0.2860713255791598), ('common_topic', 9.612611746611554e-05)]\n",
      "[('common_topic', 0.5735926801187663), ('negative', 0.27910076955705015), ('positive', 0.14730655032418347)]\n",
      "[('negative', 0.6933919824052784), ('positive', 0.3060081975407378), ('common_topic', 0.0005998200539838049)]\n",
      "[('common_topic', 0.46494641681135124), ('negative', 0.430222115787583), ('positive', 0.10483146740106566)]\n",
      "[('positive', 0.8056562007863176), ('common_topic', 0.19433278636168408), ('negative', 1.1012851998281995e-05)]\n",
      "[('common_topic', 0.576902503193127), ('positive', 0.26239315306267263), ('negative', 0.1607043437442005)]\n",
      "[('common_topic', 0.6884409717161979), ('negative', 0.241426857841104), ('positive', 0.07013217044269811)]\n",
      "[('positive', 0.999871819521887), ('negative', 6.409023905659169e-05), ('common_topic', 6.409023905659169e-05)]\n",
      "[('negative', 0.6269398270257008), ('positive', 0.37299883457032446), ('common_topic', 6.133840397472858e-05)]\n",
      "[('positive', 0.45902667601372543), ('common_topic', 0.4527543076412205), ('negative', 0.08821901634505404)]\n",
      "[('common_topic', 0.5619877269021156), ('negative', 0.3360511522121616), ('positive', 0.10196112088572289)]\n",
      "[('common_topic', 0.7627152784771881), ('negative', 0.13338992561472168), ('positive', 0.10389479590809031)]\n",
      "[('negative', 0.8924487653980003), ('positive', 0.10749599513892726), ('common_topic', 5.5239463072418936e-05)]\n",
      "[('common_topic', 0.696867743922665), ('positive', 0.17537790835426242), ('negative', 0.12775434772307256)]\n",
      "[('positive', 0.6892696450484026), ('common_topic', 0.310684906603645), ('negative', 4.544834795255193e-05)]\n",
      "[('common_topic', 0.6093114480009003), ('negative', 0.38697490474735946), ('positive', 0.0037136472517402693)]\n",
      "[('negative', 0.981906562246827), ('positive', 0.017823386443424256), ('common_topic', 0.0002700513097488523)]\n",
      "[('common_topic', 0.9993751673658842), ('positive', 0.0005355708292421673), ('negative', 8.926180487369455e-05)]\n",
      "[('negative', 0.4716428366716556), ('common_topic', 0.2812151705251091), ('positive', 0.24714199280323537)]\n",
      "[('common_topic', 0.550899144046279), ('negative', 0.30419077035834885), ('positive', 0.1449100855953721)]\n",
      "[('negative', 0.9996553506806825), ('positive', 0.0001723246596587972), ('common_topic', 0.0001723246596587972)]\n",
      "[('positive', 0.5787695339997184), ('common_topic', 0.42108968041672534), ('negative', 0.00014078558355624384)]\n",
      "[('common_topic', 0.5814216022255372), ('negative', 0.4185380800709592), ('positive', 4.0317703503608436e-05)]\n",
      "[('positive', 0.8016853531386132), ('negative', 0.19824323359280155), ('common_topic', 7.141326858530316e-05)]\n",
      "[('positive', 0.6777509408526652), ('common_topic', 0.3221928888389597), ('negative', 5.617030837499297e-05)]\n",
      "[('positive', 0.5499429974568096), ('common_topic', 0.44996930632289744), ('negative', 8.769622029290537e-05)]\n",
      "[('common_topic', 0.7210479686115682), ('negative', 0.25001054718811966), ('positive', 0.028941484200312194)]\n",
      "[('negative', 0.9489327208862469), ('positive', 0.050977213365757), ('common_topic', 9.006574799603711e-05)]\n",
      "[('positive', 0.6140075227348474), ('common_topic', 0.38594486501928305), ('negative', 4.7612245869637676e-05)]\n",
      "[('positive', 0.859834647183234), ('negative', 0.14010126257770944), ('common_topic', 6.409023905659168e-05)]\n",
      "[('positive', 0.5873891890852451), ('common_topic', 0.37518989289079474), ('negative', 0.03742091802396016)]\n",
      "[('negative', 0.6607665630770616), ('common_topic', 0.3391883979642391), ('positive', 4.503895869927488e-05)]\n",
      "[('negative', 0.6647108924008707), ('common_topic', 0.3352785926837219), ('positive', 1.0514915407505548e-05)]\n",
      "[('negative', 0.8501627128236571), ('common_topic', 0.1497901240390511), ('positive', 4.716313729189267e-05)]\n",
      "[('positive', 0.9838922446712491), ('common_topic', 0.01603832534888565), ('negative', 6.942997986530585e-05)]\n",
      "[('common_topic', 0.5065794310078658), ('negative', 0.4933470557965154), ('positive', 7.351319561861352e-05)]\n",
      "[('common_topic', 0.5694726373581461), ('positive', 0.4305137392204678), ('negative', 1.3623421386046892e-05)]\n",
      "[('negative', 0.5108441506087237), ('common_topic', 0.48907522373619283), ('positive', 8.062565508344755e-05)]\n",
      "[('negative', 0.7664783427495291), ('common_topic', 0.2319281471823845), ('positive', 0.0015935100680863393)]\n",
      "[('positive', 0.5240387582546442), ('common_topic', 0.46293896192063194), ('negative', 0.013022279824723813)]\n",
      "[('negative', 0.9693384435927345), ('positive', 0.02394045436871632), ('common_topic', 0.0067211020385491305)]\n",
      "[('negative', 0.8781990819342262), ('common_topic', 0.10130164119977364), ('positive', 0.020499276866000123)]\n",
      "[('common_topic', 0.7455734699829188), ('positive', 0.19439236762071407), ('negative', 0.06003416239636713)]\n",
      "[('common_topic', 0.7765984720299441), ('negative', 0.22283751217761374), ('positive', 0.0005640157924421884)]\n",
      "[('negative', 0.9973422767828894), ('common_topic', 0.002594444092893755), ('positive', 6.327912421692085e-05)]\n",
      "[('negative', 0.9810265966457734), ('positive', 0.018803997967135357), ('common_topic', 0.00016940538709130952)]\n",
      "[('common_topic', 0.44106093562315357), ('negative', 0.31250202902314717), ('positive', 0.24643703535369937)]\n",
      "[('common_topic', 0.8844337031747775), ('positive', 0.11435790398769637), ('negative', 0.0012083928375260903)]\n",
      "[('common_topic', 0.7486295662851379), ('positive', 0.23729333859579882), ('negative', 0.014077095119063283)]\n",
      "[('positive', 0.69792093544245), ('common_topic', 0.3020517443925362), ('negative', 2.7320165013796687e-05)]\n",
      "[('negative', 0.5312005332000334), ('common_topic', 0.4687161542947596), ('positive', 8.331250520703158e-05)]\n",
      "[('negative', 0.9998529736087629), ('positive', 7.351319561861355e-05), ('common_topic', 7.351319561861355e-05)]\n",
      "[('positive', 0.7679189722680645), ('common_topic', 0.23188687182474194), ('negative', 0.00019415590719347635)]\n",
      "[('negative', 0.47990345261832307), ('common_topic', 0.4204608488373836), ('positive', 0.09963569854429338)]\n",
      "[('negative', 0.9794761769825527), ('common_topic', 0.020280937537950856), ('positive', 0.00024288547949641748)]\n",
      "[('negative', 0.8481741930017792), ('common_topic', 0.15174108277556553), ('positive', 8.472422265525714e-05)]\n",
      "[('common_topic', 0.9994740993952143), ('negative', 0.00026295030239284776), ('positive', 0.00026295030239284776)]\n",
      "[('common_topic', 0.754193251331974), ('positive', 0.2457409721765441), ('negative', 6.577649148194435e-05)]\n",
      "[('negative', 0.7936026783694521), ('common_topic', 0.2061258652671583), ('positive', 0.00027145636338958513)]\n",
      "[('positive', 0.5582248435589441), ('common_topic', 0.44170322951880886), ('negative', 7.192692224699705e-05)]\n",
      "[('positive', 0.6699347466155894), ('common_topic', 0.32954582345875405), ('negative', 0.0005194299256565919)]\n",
      "[('common_topic', 0.5031017194006175), ('negative', 0.4968699543948107), ('positive', 2.832620457184942e-05)]\n",
      "[('positive', 0.5783216579949423), ('common_topic', 0.421213266284917), ('negative', 0.00046507572014068543)]\n",
      "[('positive', 0.49850064258175064), ('common_topic', 0.4763672711694988), ('negative', 0.025132086248750535)]\n",
      "[('common_topic', 0.5506741455596976), ('positive', 0.4341358046197262), ('negative', 0.015190049820576246)]\n",
      "[('common_topic', 0.5132554407649563), ('positive', 0.402848693022824), ('negative', 0.08389586621221967)]\n",
      "[('positive', 0.5298641374006665), ('common_topic', 0.2739468512347261), ('negative', 0.19618901136460737)]\n",
      "[('common_topic', 0.5346966393504248), ('positive', 0.46527829987720226), ('negative', 2.5060772373004537e-05)]\n",
      "[('common_topic', 0.8848376948028194), ('negative', 0.10721166743896789), ('positive', 0.007950637758212814)]\n",
      "[('common_topic', 0.9995835935873412), ('negative', 0.00020820320632937748), ('positive', 0.00020820320632937748)]\n",
      "[('common_topic', 0.5630542165089566), ('negative', 0.4339106112003809), ('positive', 0.0030351722906623814)]\n",
      "[('negative', 0.9126689885031645), ('common_topic', 0.08729356252106507), ('positive', 3.744897577051268e-05)]\n",
      "[('common_topic', 0.7759683889121715), ('negative', 0.19403699934143567), ('positive', 0.02999461174639287)]\n",
      "[('negative', 0.7763762134511423), ('common_topic', 0.22356565715282217), ('positive', 5.812939603557519e-05)]\n",
      "[('positive', 0.5132665551781804), ('common_topic', 0.4865437994586487), ('negative', 0.00018964536317087047)]\n",
      "[('negative', 0.7637712249572775), ('common_topic', 0.23619241537286847), ('positive', 3.6359669854197727e-05)]\n",
      "[('positive', 0.7840539865033741), ('common_topic', 0.20253270015829378), ('negative', 0.013413313338332084)]\n",
      "[('common_topic', 0.9410573090243742), ('positive', 0.05887734431157289), ('negative', 6.53466640528001e-05)]\n",
      "[('common_topic', 0.85828727566292), ('negative', 0.14134012295845497), ('positive', 0.000372601378625101)]\n",
      "[('negative', 0.9043646142177482), ('common_topic', 0.09556643453078675), ('positive', 6.895125146521411e-05)]\n",
      "[('common_topic', 0.7435415688116487), ('negative', 0.25639133060457625), ('positive', 6.710058377507885e-05)]\n",
      "[('common_topic', 0.9356140511785748), ('negative', 0.06429423094561129), ('positive', 9.171787581399614e-05)]\n",
      "[('negative', 0.5923072999030761), ('common_topic', 0.36326072539917365), ('positive', 0.04443197469775034)]\n",
      "[('negative', 0.823529411764706), ('common_topic', 0.17640924983131942), ('positive', 6.133840397472859e-05)]\n",
      "[('common_topic', 0.6611842704405952), ('negative', 0.30501065515545595), ('positive', 0.03380507440394879)]\n",
      "[('common_topic', 0.6123330400703831), ('positive', 0.38758697912501), ('negative', 7.998080460689435e-05)]\n",
      "[('common_topic', 0.674373686303471), ('positive', 0.3252854627052207), ('negative', 0.00034085099130829973)]\n",
      "[('common_topic', 0.5764737285177505), ('positive', 0.4201178572161879), ('negative', 0.003408414266061639)]\n",
      "[('common_topic', 0.5097317863094677), ('negative', 0.3064490771310883), ('positive', 0.1838191365594441)]\n",
      "[('negative', 0.7458357828728199), ('common_topic', 0.25396825396825395), ('positive', 0.00019596315892612192)]\n",
      "[('positive', 0.5849087838956395), ('common_topic', 0.41505810681058175), ('negative', 3.3109293778763704e-05)]\n",
      "[('positive', 0.50579273131249), ('negative', 0.4814579696344496), ('common_topic', 0.012749299053060359)]\n",
      "[('positive', 0.8732133599940752), ('common_topic', 0.12671258238909872), ('negative', 7.405761682589053e-05)]\n",
      "[('negative', 0.7880849553333727), ('positive', 0.210081050701059), ('common_topic', 0.0018339939655682427)]\n",
      "[('common_topic', 0.5146271921259228), ('negative', 0.4853337499511777), ('positive', 3.90579228996602e-05)]\n",
      "[('common_topic', 0.9998639733387743), ('negative', 6.80133306128001e-05), ('positive', 6.80133306128001e-05)]\n",
      "[('common_topic', 0.5631349782293178), ('negative', 0.4368112669999462), ('positive', 5.37547707359028e-05)]\n",
      "[('common_topic', 0.5374234662001749), ('positive', 0.4624515806572535), ('negative', 0.00012495314257153568)]\n",
      "[('positive', 0.6010168283211076), ('common_topic', 0.2156726638275519), ('negative', 0.18331050785134043)]\n",
      "[('negative', 0.5882704074018803), ('common_topic', 0.25871760433766106), ('positive', 0.15301198826045864)]\n",
      "[('negative', 0.5354696795480677), ('common_topic', 0.46448032795080735), ('positive', 4.9992501124831266e-05)]\n",
      "[('negative', 0.6707750071419827), ('common_topic', 0.3291841815287925), ('positive', 4.081132922499286e-05)]\n",
      "[('negative', 0.5033196435238544), ('common_topic', 0.4903332629904388), ('positive', 0.006347093485706864)]\n",
      "[('common_topic', 0.49988323461350653), ('positive', 0.4705857376387916), ('negative', 0.029531027747701846)]\n",
      "[('common_topic', 0.7084730747326458), ('negative', 0.29146364614313736), ('positive', 6.327912421692084e-05)]\n",
      "[('negative', 0.6782143687514531), ('common_topic', 0.29264512128962256), ('positive', 0.02914050995892428)]\n",
      "[('positive', 0.5253444759488634), ('common_topic', 0.4094413769089191), ('negative', 0.06521414714221757)]\n",
      "[('negative', 0.8329000866493367), ('common_topic', 0.1670332600146637), ('positive', 6.665333599946676e-05)]\n",
      "[('common_topic', 0.4632863727845225), ('negative', 0.35032136596766866), ('positive', 0.18639226124780886)]\n",
      "[('negative', 0.8710652090314783), ('common_topic', 0.12887985496896118), ('positive', 5.4935999560512006e-05)]\n",
      "[('negative', 0.6099209749595353), ('common_topic', 0.38998381414833855), ('positive', 9.521089212605922e-05)]\n",
      "[('positive', 0.8016993627389729), ('common_topic', 0.1969261526927402), ('negative', 0.0013744845682868922)]\n",
      "[('positive', 0.5218802069630799), ('common_topic', 0.47803209681662717), ('negative', 8.769622029290537e-05)]\n",
      "[('positive', 0.6128240435849848), ('negative', 0.3871160869304916), ('common_topic', 5.986948452373825e-05)]\n",
      "[('common_topic', 0.4293135228732615), ('negative', 0.3248617550131263), ('positive', 0.24582472211361228)]\n",
      "[('positive', 0.6929496653047031), ('common_topic', 0.3069634008519516), ('negative', 8.693384334521429e-05)]\n",
      "[('positive', 0.6510930327682589), ('common_topic', 0.34886151888378863), ('negative', 4.544834795255193e-05)]\n",
      "[('positive', 0.8618776963637609), ('common_topic', 0.13805382455659795), ('negative', 6.847907964116963e-05)]\n",
      "[('common_topic', 0.5167040096311407), ('positive', 0.3448149015148982), ('negative', 0.13848108885396115)]\n",
      "[('positive', 0.713103232859597), ('common_topic', 0.2867405903482743), ('negative', 0.00015617679212868969)]\n",
      "[('positive', 0.5202415124220529), ('common_topic', 0.4796595070771058), ('negative', 9.898050084133426e-05)]\n",
      "[('positive', 0.5291626473425406), ('common_topic', 0.47081382490647716), ('negative', 2.3527750982283606e-05)]\n",
      "[('negative', 0.6456039302049805), ('positive', 0.3542266644079282), ('common_topic', 0.00016940538709130952)]\n",
      "[('common_topic', 0.8601628338808741), ('negative', 0.139551492643908), ('positive', 0.00028567347521782604)]\n",
      "[('negative', 0.6777826994874391), ('common_topic', 0.322154021388344), ('positive', 6.327912421692084e-05)]\n",
      "[('common_topic', 0.660264000350831), ('negative', 0.33684164364338026), ('positive', 0.0028943560057887122)]\n",
      "[('common_topic', 0.5450923719876576), ('negative', 0.45486857008944265), ('positive', 3.905792289966019e-05)]\n",
      "[('common_topic', 0.6222085186979693), ('positive', 0.3213672201911642), ('negative', 0.05642426111086641)]\n",
      "[('common_topic', 0.6154615128290569), ('positive', 0.22725758080639788), ('negative', 0.15728090636454514)]\n",
      "[('common_topic', 0.7342914670554745), ('positive', 0.26182045407206833), ('negative', 0.0038880788724571275)]\n",
      "[('common_topic', 0.5381120843831182), ('positive', 0.4129211649674295), ('negative', 0.04896675064945237)]\n",
      "[('common_topic', 0.5522602882411984), ('negative', 0.447720773440903), ('positive', 1.8938317898604248e-05)]\n",
      "[('negative', 0.5426918080541668), ('common_topic', 0.45726882651655326), ('positive', 3.9365429280006304e-05)]\n",
      "[('common_topic', 0.75396244818337), ('negative', 0.24595627082825328), ('positive', 8.128098837681866e-05)]\n",
      "[('negative', 0.8880954381248425), ('common_topic', 0.11182054944131731), ('positive', 8.401243384020834e-05)]\n",
      "[('positive', 0.551425907468733), ('common_topic', 0.44854194129183683), ('negative', 3.215123943028004e-05)]\n",
      "[('negative', 0.9144971758748296), ('common_topic', 0.0854379017074596), ('positive', 6.492241771083557e-05)]\n",
      "[('common_topic', 0.8779207797076097), ('positive', 0.11195801574409595), ('negative', 0.01012120454829439)]\n",
      "[('positive', 0.807041348282511), ('negative', 0.19253017210597728), ('common_topic', 0.00042847961151181894)]\n",
      "[('positive', 0.6603656533956136), ('common_topic', 0.21132722694595482), ('negative', 0.12830711965843156)]\n",
      "[('common_topic', 0.5019891869835764), ('negative', 0.49790880342752214), ('positive', 0.00010200958890135673)]\n",
      "[('common_topic', 0.5534027442598083), ('positive', 0.44652830448872644), ('negative', 6.895125146521409e-05)]\n",
      "[('common_topic', 0.6910772347760731), ('positive', 0.22492361485548096), ('negative', 0.08399915036844599)]\n",
      "[('positive', 0.42703554064233373), ('negative', 0.34486064507293024), ('common_topic', 0.22810381428473597)]\n",
      "[('positive', 0.5545049451146614), ('common_topic', 0.41394051371227764), ('negative', 0.03155454117306089)]\n",
      "[('common_topic', 0.7577814892740169), ('negative', 0.2398108582955556), ('positive', 0.002407652430427521)]\n",
      "[('common_topic', 0.6074901082722449), ('negative', 0.20108578965125912), ('positive', 0.19142410207649604)]\n",
      "[('positive', 0.9075917363278136), ('common_topic', 0.0923854861854543), ('negative', 2.277748673211398e-05)]\n",
      "[('common_topic', 0.9515935201653608), ('positive', 0.04835840984473394), ('negative', 4.806998990530213e-05)]\n",
      "[('negative', 0.5819932728194259), ('positive', 0.2555407086577893), ('common_topic', 0.16246601852278486)]\n",
      "[('common_topic', 0.7588714470510086), ('positive', 0.24091878474285916), ('negative', 0.00020976820613222388)]\n",
      "[('negative', 0.5423767325607817), ('common_topic', 0.45716882526698477), ('positive', 0.0004544421722335833)]\n",
      "[('positive', 0.6832572629138594), ('common_topic', 0.30906324712019123), ('negative', 0.007679489965949432)]\n",
      "[('common_topic', 0.7814075766064733), ('negative', 0.21467051674352453), ('positive', 0.003921906650002155)]\n",
      "[('negative', 0.5366502987635331), ('positive', 0.46121990179258116), ('common_topic', 0.0021297994438857003)]\n",
      "[('negative', 0.5433909694337458), ('common_topic', 0.4565270835040564), ('positive', 8.194706219782021e-05)]\n",
      "[('negative', 0.6010899428005224), ('common_topic', 0.39886501824077836), ('positive', 4.503895869927488e-05)]\n",
      "[('negative', 0.5087207180909289), ('common_topic', 0.4912063051886447), ('positive', 7.297672042618403e-05)]\n",
      "[('negative', 0.750954662223148), ('common_topic', 0.24862875789766017), ('positive', 0.00041657987919183504)]\n",
      "[('positive', 0.7641490885599529), ('common_topic', 0.23582282391933268), ('negative', 2.8087520714546528e-05)]\n",
      "[('negative', 0.8292099303508097), ('common_topic', 0.17074734008460454), ('positive', 4.272956458573687e-05)]\n",
      "[('common_topic', 0.838043785026005), ('positive', 0.16191589727049147), ('negative', 4.0317703503608436e-05)]\n",
      "[('common_topic', 0.8117497222448039), ('negative', 0.18808768934774953), ('positive', 0.00016258840744654907)]\n",
      "[('negative', 0.5115784041798361), ('common_topic', 0.4883570921757079), ('positive', 6.450364445591175e-05)]\n",
      "[('common_topic', 0.999813136503784), ('negative', 9.34317481080071e-05), ('positive', 9.34317481080071e-05)]\n",
      "[('negative', 0.7701522111141132), ('common_topic', 0.22975772313789064), ('positive', 9.00657479960371e-05)]\n",
      "[('positive', 0.6138697759549876), ('common_topic', 0.359827814120598), ('negative', 0.026302409924414467)]\n",
      "[('common_topic', 0.9997561867609411), ('negative', 0.00012190661952944045), ('positive', 0.00012190661952944045)]\n",
      "[('common_topic', 0.6132243620397339), ('positive', 0.38673216536973437), ('negative', 4.3472590531669774e-05)]\n",
      "[('negative', 0.9707078925956061), ('common_topic', 0.029175868882947802), ('positive', 0.00011623852144600719)]\n",
      "[('negative', 0.7071008966299083), ('positive', 0.29279604246109453), ('common_topic', 0.00010306090899721736)]\n",
      "[('common_topic', 0.7709193653553577), ('negative', 0.22828370644062887), ('positive', 0.0007969282040136203)]\n",
      "[('negative', 0.7076377265639529), ('common_topic', 0.2923479678983735), ('positive', 1.4305537673633465e-05)]\n",
      "[('negative', 0.8607832819664738), ('common_topic', 0.1391415470194693), ('positive', 7.517101405697964e-05)]\n",
      "[('positive', 0.5641590081241424), ('common_topic', 0.40266329723700184), ('negative', 0.03317769463885571)]\n",
      "[('negative', 0.5983196852068489), ('common_topic', 0.40104222056790384), ('positive', 0.0006380942252472616)]\n",
      "[('common_topic', 0.5727000719615195), ('positive', 0.42726205355452035), ('negative', 3.7874483960156045e-05)]\n",
      "[('common_topic', 0.9989698842634673), ('positive', 0.0009695206932072958), ('negative', 6.059504332545599e-05)]\n",
      "[('negative', 0.5594970187689952), ('positive', 0.2678699858478528), ('common_topic', 0.172632995383152)]\n",
      "[('negative', 0.5846729467079449), ('common_topic', 0.4153104978229558), ('positive', 1.6555469099216926e-05)]\n",
      "[('negative', 0.6376638559311494), ('common_topic', 0.36193816381862043), ('positive', 0.0003979802502300823)]\n",
      "[('common_topic', 0.9998437866125126), ('negative', 7.810669374365383e-05), ('positive', 7.810669374365383e-05)]\n",
      "[('common_topic', 0.42285826308566954), ('positive', 0.3774423315689734), ('negative', 0.19969940534535713)]\n",
      "[('negative', 0.9917038927887685), ('common_topic', 0.008225200311990357), ('positive', 7.090689924129619e-05)]\n",
      "[('common_topic', 0.7356041514240035), ('negative', 0.2643687505080888), ('positive', 2.709806790775818e-05)]\n",
      "[('positive', 0.5539419910328136), ('common_topic', 0.4438360512637385), ('negative', 0.0022219577034480026)]\n",
      "[('common_topic', 0.9998657988324497), ('negative', 6.710058377507885e-05), ('positive', 6.710058377507885e-05)]\n",
      "[('negative', 0.5602890833016355), ('common_topic', 0.43965657773189154), ('positive', 5.433896647285768e-05)]\n",
      "[('negative', 0.7865838909941143), ('positive', 0.2133354833508022), ('common_topic', 8.062565508344755e-05)]\n",
      "[('common_topic', 0.8018016076546775), ('negative', 0.19817684201452493), ('positive', 2.155033079757774e-05)]\n",
      "[('common_topic', 0.8495220024812086), ('negative', 0.09129387725315624), ('positive', 0.05918412026563526)]\n",
      "[('common_topic', 0.6360193061056642), ('positive', 0.19589637036556068), ('negative', 0.1680843235287752)]\n",
      "[('negative', 0.7617007774075837), ('common_topic', 0.23814056798349995), ('positive', 0.00015865460891638903)]\n",
      "[('common_topic', 0.9997802922113589), ('negative', 0.00010985389432055367), ('positive', 0.00010985389432055367)]\n",
      "[('positive', 0.6216254820739895), ('common_topic', 0.378326905680141), ('negative', 4.761224586963767e-05)]\n",
      "[('positive', 0.4485885690368786), ('negative', 0.42952146212156445), ('common_topic', 0.12188996884155699)]\n",
      "[('common_topic', 0.9998850772855254), ('negative', 5.746135723725795e-05), ('positive', 5.746135723725795e-05)]\n",
      "[('negative', 0.6472522310944105), ('positive', 0.3526806683218144), ('common_topic', 6.710058377507885e-05)]\n",
      "[('common_topic', 0.9993520318430066), ('positive', 0.0005554012774229381), ('negative', 9.256687957048968e-05)]\n",
      "[('common_topic', 0.9998165642483721), ('negative', 9.171787581399614e-05), ('positive', 9.171787581399614e-05)]\n",
      "[('common_topic', 0.8513730671713746), ('positive', 0.1485912223690319), ('negative', 3.571045959361497e-05)]\n",
      "[('negative', 0.6848648362693752), ('common_topic', 0.31508226207480294), ('positive', 5.290165582182723e-05)]\n",
      "[('common_topic', 0.6046462977103229), ('positive', 0.3953432423668713), ('negative', 1.0459922805769695e-05)]\n",
      "[('positive', 0.7759494238443259), ('common_topic', 0.22400573913823252), ('negative', 4.4837017441599784e-05)]\n",
      "[('negative', 0.6822635472905418), ('common_topic', 0.31766979937345863), ('positive', 6.665333599946678e-05)]\n",
      "[('negative', 0.8451015468799327), ('common_topic', 0.15058402609702198), ('positive', 0.004314427023045355)]\n",
      "[('common_topic', 0.4371948100265079), ('positive', 0.42673115379249404), ('negative', 0.13607403618099798)]\n",
      "[('common_topic', 0.7189072161736991), ('positive', 0.18240580658224695), ('negative', 0.09868697724405402)]\n",
      "[('negative', 0.9997778518271686), ('positive', 0.00011107408641563921), ('common_topic', 0.00011107408641563921)]\n",
      "[('common_topic', 0.9972033559728326), ('negative', 0.002397123451857771), ('positive', 0.00039952057530962844)]\n",
      "[('common_topic', 0.6390630610722868), ('positive', 0.22569952766345333), ('negative', 0.1352374112642599)]\n",
      "[('negative', 0.5219693287695315), ('common_topic', 0.3555835909951088), ('positive', 0.12244708023535983)]\n",
      "[('negative', 0.6953460536506372), ('positive', 0.26269098077870867), ('common_topic', 0.041962965570654084)]\n",
      "[('common_topic', 0.4664505111006608), ('positive', 0.4310570997203178), ('negative', 0.10249238917902136)]\n",
      "[('positive', 0.4770820977717529), ('common_topic', 0.33432178259764467), ('negative', 0.1885961196306024)]\n",
      "[('negative', 0.8360077291439132), ('common_topic', 0.1639082584222465), ('positive', 8.401243384020834e-05)]\n",
      "[('common_topic', 0.6643533494089279), ('positive', 0.3355878374404517), ('negative', 5.881315062047874e-05)]\n",
      "[('common_topic', 0.7906435018926525), ('negative', 0.20925943899834998), ('positive', 9.70591089973794e-05)]\n",
      "[('common_topic', 0.5943505296378464), ('positive', 0.3823391557041528), ('negative', 0.023310314658000816)]\n",
      "[('common_topic', 0.5186336889441707), ('positive', 0.481318471032866), ('negative', 4.7840022963211013e-05)]\n",
      "[('positive', 0.8611522945902148), ('common_topic', 0.13881322621797745), ('negative', 3.447919180774403e-05)]\n",
      "[('negative', 0.5585844781701792), ('common_topic', 0.25577213551032146), ('positive', 0.1856433863194994)]\n",
      "[('common_topic', 0.6224093426559406), ('negative', 0.364408691075859), ('positive', 0.013181966268200387)]\n",
      "[('negative', 0.5031680520839389), ('common_topic', 0.49473928965878045), ('positive', 0.0020926582572807066)]\n",
      "[('common_topic', 0.5066558158460733), ('negative', 0.493286054757891), ('positive', 5.812939603557518e-05)]\n",
      "[('common_topic', 0.9985623733908384), ('positive', 0.0013722799451088023), ('negative', 6.53466640528001e-05)]\n",
      "[('negative', 0.7363514668645066), ('common_topic', 0.26363240488363465), ('positive', 1.612825185878103e-05)]\n",
      "[('common_topic', 0.7048068876501709), ('negative', 0.22071401216969488), ('positive', 0.07447910018013418)]\n",
      "[('common_topic', 0.6214994840408498), ('positive', 0.2866597872113298), ('negative', 0.09184072874782054)]\n",
      "[('common_topic', 0.43277549920665814), ('positive', 0.43067987905277966), ('negative', 0.13654462174056223)]\n",
      "[('common_topic', 0.7860616862520013), ('positive', 0.21390810500558866), ('negative', 3.0208742410053474e-05)]\n",
      "[('common_topic', 0.7150837988826816), ('negative', 0.2848806177276448), ('positive', 3.558338967370032e-05)]\n",
      "[('positive', 0.7504331039944563), ('common_topic', 0.24951739840617732), ('negative', 4.949759936643074e-05)]\n",
      "[('negative', 0.7992920573806123), ('common_topic', 0.19940383779419987), ('positive', 0.0013041048251878535)]\n",
      "[('positive', 0.999677575366758), ('negative', 0.00016121231662098986), ('common_topic', 0.00016121231662098986)]\n",
      "[('common_topic', 0.9996228549877427), ('negative', 0.00018857250612860644), ('positive', 0.00018857250612860644)]\n",
      "[('common_topic', 0.6682065779493899), ('positive', 0.331724470799145), ('negative', 6.89512514652141e-05)]\n",
      "[('common_topic', 0.8294839482708755), ('positive', 0.1692352187745321), ('negative', 0.001280832954592406)]\n",
      "[('negative', 0.5253623787250219), ('common_topic', 0.47462109316893375), ('positive', 1.652810604432838e-05)]\n",
      "[('common_topic', 0.5921285934366188), ('negative', 0.32093131412958176), ('positive', 0.08694009243379938)]\n",
      "[('common_topic', 0.5355748818735876), ('positive', 0.46332945285215366), ('negative', 0.0010956652742587138)]\n",
      "[('common_topic', 0.9813470945546418), ('positive', 0.018599150674622374), ('negative', 5.3754770735902814e-05)]\n",
      "[('negative', 0.9774196328535724), ('common_topic', 0.02249418253899853), ('positive', 8.618460742911315e-05)]\n",
      "[('negative', 0.8295765349429406), ('common_topic', 0.1703291521267566), ('positive', 9.43129303027445e-05)]\n",
      "[('common_topic', 0.4692368452010823), ('negative', 0.46696805203099007), ('positive', 0.06379510276792767)]\n",
      "[('common_topic', 0.9987859744340499), ('positive', 0.0011426122973648507), ('negative', 7.141326858530317e-05)]\n",
      "[('common_topic', 0.5816303340733877), ('positive', 0.3635473663968673), ('negative', 0.054822299529744954)]\n",
      "[('common_topic', 0.4958248702324532), ('negative', 0.33385413954134335), ('positive', 0.1703209902262035)]\n",
      "[('negative', 0.6901568723075673), ('positive', 0.29878891327318535), ('common_topic', 0.011054214419247338)]\n",
      "[('common_topic', 0.5849555960712814), ('positive', 0.41498559077809793), ('negative', 5.881315062047873e-05)]\n",
      "[('common_topic', 0.8458819370802403), ('positive', 0.15381507852345605), ('negative', 0.0003029843963035904)]\n",
      "[('common_topic', 0.673675058293483), ('positive', 0.32628542070110267), ('negative', 3.9521005414377744e-05)]\n",
      "[('common_topic', 0.6107509394984946), ('negative', 0.38922708392853217), ('positive', 2.197657297321056e-05)]\n",
      "[('common_topic', 0.8434476693051891), ('positive', 0.15627459149192244), ('negative', 0.00027773920288848774)]\n",
      "[('common_topic', 0.6187845303867403), ('negative', 0.3811277733929668), ('positive', 8.769622029290537e-05)]\n",
      "[('common_topic', 0.9999056737254162), ('negative', 4.716313729189266e-05), ('positive', 4.716313729189266e-05)]\n",
      "[('positive', 0.6675375571521881), ('negative', 0.332412199165955), ('common_topic', 5.024368185700649e-05)]\n",
      "[('positive', 0.5493027273849191), ('common_topic', 0.3709737134394669), ('negative', 0.07972355917561397)]\n",
      "[('negative', 0.592968942063427), ('common_topic', 0.40653937556338604), ('positive', 0.0004916823731869213)]\n",
      "[('negative', 0.7030367012357946), ('common_topic', 0.29690119853443453), ('positive', 6.210022977085015e-05)]\n",
      "[('common_topic', 0.9998630418407176), ('negative', 6.847907964116963e-05), ('positive', 6.847907964116963e-05)]\n",
      "[('common_topic', 0.73027208455331), ('negative', 0.26965650217810466), ('positive', 7.141326858530316e-05)]\n",
