{
 "cells": [
  {
   "cell_type": "code",
   "execution_count": 1,
   "metadata": {},
   "outputs": [],
   "source": [
    "import pickle\n",
    "import pandas as pd\n",
    "from nltk.tokenize import RegexpTokenizer\n",
    "from sklearn.model_selection import train_test_split\n",
    "from sklearn.metrics import accuracy_score"
   ]
  },
  {
   "cell_type": "code",
   "execution_count": 2,
   "metadata": {},
   "outputs": [],
   "source": [
    "def preprocess(document):\n",
    "    document = document.lower()\n",
    "    tk = RegexpTokenizer(r'[a-zA-Z]+')\n",
    "    tokens = [token for token in tk.tokenize(document)]\n",
    "    tokens = [token for token in tokens if token != 'br']\n",
    "\n",
    "    # These preprocesing steps increase perplexity\n",
    "    \n",
    "    # stoplist = set(stopwords.words('english'))\n",
    "    # tokens = [token for token in tokens if token not in stoplist]\n",
    "    # porter = PorterStemmer()\n",
    "    # tokens = [porter.stem(token) for token in tokens]\n",
    "\n",
    "    return ' '.join(tokens)"
   ]
  },
  {
   "cell_type": "code",
   "execution_count": 3,
   "metadata": {},
   "outputs": [],
   "source": [
    "# loading the trained model\n",
    "llda_model = pickle.load(open('llda_model.pkl', 'rb'))\n",
    "\n",
    "# preparing test set\n",
    "df = pd.read_csv(\n",
    "    \"C:\\\\Users\\\\Terolli\\\\Desktop\\\\sentiment-analysis-movie-reviews\\\\llda\\\\IMDB Dataset.csv\")\n",
    "df = df.drop_duplicates()\n",
    "df['clean_review'] = df['review'].apply(preprocess)\n",
    "\n",
    "\n",
    "X = df['clean_review'].tolist()\n",
    "y = df['sentiment'].tolist()\n",
    "\n",
    "X_train, X_test, y_train, y_test = train_test_split(\n",
    "    X, y, test_size=0.2, random_state=42)"
   ]
  },
  {
   "cell_type": "code",
   "execution_count": 4,
   "metadata": {},
   "outputs": [
    {
     "name": "stdout",
     "output_type": "stream",
     "text": [
      "9917\n",
      "39665\n"
     ]
    }
   ],
   "source": [
    "print(len(X_test))\n",
    "print(len(X_train))"
   ]
  },
  {
   "cell_type": "code",
   "execution_count": 5,
   "metadata": {},
   "outputs": [
    {
     "name": "stdout",
     "output_type": "stream",
     "text": [
      "i saw this movie when i was about years old and i liked it but it wasn t until i watched it again at the age of that i really understood it for what it is a cartoon about a criminal dog with a real heart of gold adopts a little girl in order to exploit her for her talents to talk to animals the dog star charlie b barkin is murdered by his formal business partner carface who is absolutely diabolical by the way his soul then goes to where else but heaven only to find a golden watch that is really his life s time which charlie being the sneaky but lovable cad that he is steals and rewinds sending him back to earth once back on earth charlie goes about seeking revenge on the evil carface this is how he comes upon young anne marie the lonely little orphan that can talk to animals whom charlie plans to scam for her talents in order to get back at his enemy carface but scoundrel charlie actually comes to care for young anne marie and his plans unfoil as he must make up his mind to do what is right after anne marie discovers what her best friend charlie has really been using her to make money for a new and better dog casino now he must rescue her from the dreaded carface i still love this movie even at the age of the idea and plot really are quite different and original from that of many other animated films i especially like the idea that a dog plays the role of the villain for once carface was even better than he was in the all dogs go to heaven sequel in that picture he appeared quite dubious to his role of villain\n"
     ]
    },
    {
     "data": {
      "text/plain": [
       "'positive'"
      ]
     },
     "execution_count": 5,
     "metadata": {},
     "output_type": "execute_result"
    }
   ],
   "source": [
    "# picking a test instance\n",
    "id_num = 100\n",
    "unseen_doc = X_test[id_num]\n",
    "print(unseen_doc)\n",
    "\n",
    "# true label\n",
    "y_test[id_num]"
   ]
  },
  {
   "cell_type": "code",
   "execution_count": 6,
   "metadata": {},
   "outputs": [],
   "source": [
    "# predict labels of unseen document\n",
    "topics = llda_model.inference(document=unseen_doc, iteration=20, times=10)"
   ]
  },
  {
   "cell_type": "code",
   "execution_count": 7,
   "metadata": {},
   "outputs": [
    {
     "data": {
      "text/html": [
       "<div>\n",
       "<style scoped>\n",
       "    .dataframe tbody tr th:only-of-type {\n",
       "        vertical-align: middle;\n",
       "    }\n",
       "\n",
       "    .dataframe tbody tr th {\n",
       "        vertical-align: top;\n",
       "    }\n",
       "\n",
       "    .dataframe thead th {\n",
       "        text-align: right;\n",
       "    }\n",
       "</style>\n",
       "<table border=\"1\" class=\"dataframe\">\n",
       "  <thead>\n",
       "    <tr style=\"text-align: right;\">\n",
       "      <th></th>\n",
       "      <th>topic</th>\n",
       "      <th>probability</th>\n",
       "    </tr>\n",
       "  </thead>\n",
       "  <tbody>\n",
       "    <tr>\n",
       "      <th>0</th>\n",
       "      <td>positive</td>\n",
       "      <td>0.644671</td>\n",
       "    </tr>\n",
       "    <tr>\n",
       "      <th>1</th>\n",
       "      <td>common_topic</td>\n",
       "      <td>0.355296</td>\n",
       "    </tr>\n",
       "    <tr>\n",
       "      <th>2</th>\n",
       "      <td>negative</td>\n",
       "      <td>0.000033</td>\n",
       "    </tr>\n",
       "  </tbody>\n",
       "</table>\n",
       "</div>"
      ],
      "text/plain": [
       "          topic  probability\n",
       "0      positive     0.644671\n",
       "1  common_topic     0.355296\n",
       "2      negative     0.000033"
      ]
     },
     "execution_count": 7,
     "metadata": {},
     "output_type": "execute_result"
    }
   ],
   "source": [
    "df = pd.DataFrame(topics, columns =['topic', 'probability'])\n",
    "df.head(10)"
   ]
  },
  {
   "cell_type": "code",
   "execution_count": 22,
   "metadata": {},
   "outputs": [],
   "source": [
    "y_pred_proba = [llda_model.inference(document=unseen_doc, iteration=20, times=10) for unseen_doc in X_test[:500]]"
   ]
  },
  {
   "cell_type": "code",
   "execution_count": 24,
   "metadata": {
    "scrolled": true
   },
   "outputs": [
    {
     "name": "stdout",
     "output_type": "stream",
     "text": [
      "[('negative', 0.7294937689220587), ('common_topic', 0.18805886080405548), ('positive', 0.0824473702738858)]\n",
      "[('positive', 0.4512598625604479), ('common_topic', 0.3959931643820674), ('negative', 0.1527469730574846)]\n",
      "[('common_topic', 0.5213967381754868), ('positive', 0.3688481382681341), ('negative', 0.1097551235563791)]\n",
      "[('negative', 0.6379480968347045), ('common_topic', 0.36174172488663725), ('positive', 0.0003101782786582574)]\n",
      "[('positive', 0.5802888469220006), ('common_topic', 0.34891240846161165), ('negative', 0.07079874461638792)]\n",
      "[('positive', 0.5252499729271198), ('common_topic', 0.4635238060859835), ('negative', 0.011226220986896726)]\n",
      "[('common_topic', 0.8229296849306058), ('negative', 0.17700453857791226), ('positive', 6.577649148194435e-05)]\n",
      "[('common_topic', 0.881840317826477), ('negative', 0.08086633346148916), ('positive', 0.03729334871203383)]\n",
      "[('negative', 0.5564593571711008), ('common_topic', 0.44348415522792745), ('positive', 5.648760097158673e-05)]\n",
      "[('common_topic', 0.5296891949252465), ('positive', 0.24765363391972833), ('negative', 0.22265717115502523)]\n",
      "[('negative', 0.506680765163895), ('common_topic', 0.49033932519465534), ('positive', 0.0029799096414495816)]\n",
      "[('common_topic', 0.6447918560261772), ('negative', 0.2660728352420772), ('positive', 0.08913530873174574)]\n",
      "[('negative', 0.7728681395581325), ('positive', 0.18204538638408477), ('common_topic', 0.045086474057782655)]\n",
      "[('common_topic', 0.6238998982218763), ('negative', 0.3760402322935999), ('positive', 5.986948452373825e-05)]\n",
      "[('positive', 0.8196975870841271), ('common_topic', 0.18029140006387454), ('negative', 1.1012851998281995e-05)]\n",
      "[('common_topic', 0.6188771110116481), ('positive', 0.2978177570603583), ('negative', 0.08330513192799363)]\n",
      "[('common_topic', 0.6257749178839277), ('negative', 0.27937401208479534), ('positive', 0.09485107003127698)]\n",
      "[('positive', 0.8607960007690829), ('common_topic', 0.13913990899186054), ('negative', 6.409023905659168e-05)]\n",
      "[('negative', 0.595043856958842), ('positive', 0.2546157148990983), ('common_topic', 0.15034042814205975)]\n",
      "[('common_topic', 0.5678707154189574), ('positive', 0.3896616610707302), ('negative', 0.04246762351031252)]\n",
      "[('common_topic', 0.5862335321632407), ('negative', 0.2905634467665108), ('positive', 0.12320302107024847)]\n",
      "[('common_topic', 0.6940851474037092), ('positive', 0.17669740874494627), ('negative', 0.12921744385134457)]\n",
      "[('negative', 0.5955366513837484), ('common_topic', 0.404408109153179), ('positive', 5.523946307241893e-05)]\n",
      "[('common_topic', 0.4559067431170924), ('positive', 0.288158081789319), ('negative', 0.2559351750935886)]\n",
      "[('positive', 0.8185701949734127), ('negative', 0.10366768167977095), ('common_topic', 0.07776212334681636)]\n",
      "[('negative', 0.4527273604167002), ('common_topic', 0.3434078742182853), ('positive', 0.20386476536501455)]\n",
      "[('negative', 0.9994598973805024), ('positive', 0.0002700513097488523), ('common_topic', 0.0002700513097488523)]\n",
      "[('common_topic', 0.5990359725073641), ('positive', 0.40087476568776215), ('negative', 8.926180487369455e-05)]\n",
      "[('common_topic', 0.6015667292933796), ('negative', 0.39840142661529154), ('positive', 3.184409132885393e-05)]\n",
      "[('common_topic', 0.4772138313744994), ('negative', 0.33743423291364555), ('positive', 0.1853519357118551)]\n",
      "[('negative', 0.9996553506806825), ('positive', 0.0001723246596587972), ('common_topic', 0.0001723246596587972)]\n",
      "[('common_topic', 0.5365338589328452), ('positive', 0.46332535548359843), ('negative', 0.00014078558355624384)]\n",
      "[('common_topic', 0.5826311333306454), ('negative', 0.4173285489658509), ('positive', 4.0317703503608436e-05)]\n",
      "[('positive', 0.6884953224309076), ('common_topic', 0.31143326430050694), ('negative', 7.141326858530313e-05)]\n",
      "[('positive', 0.8779980902095152), ('common_topic', 0.12194573948210977), ('negative', 5.617030837499298e-05)]\n",
      "[('positive', 0.4850477944400596), ('common_topic', 0.29211610979566777), ('negative', 0.22283609576427255)]\n",
      "[('negative', 0.41855461334008354), ('common_topic', 0.3923975868033582), ('positive', 0.1890477998565582)]\n",
      "[('negative', 0.898045573268486), ('positive', 0.10186436098351796), ('common_topic', 9.00657479960371e-05)]\n",
      "[('positive', 0.6951864019425796), ('common_topic', 0.3047659858115508), ('negative', 4.7612245869637676e-05)]\n",
      "[('positive', 0.6954431840030764), ('negative', 0.17951675959751331), ('common_topic', 0.12504005639941038)]\n",
      "[('positive', 0.6867103820933408), ('common_topic', 0.26558083187508413), ('negative', 0.04770878603157511)]\n",
      "[('negative', 0.6855379903616629), ('common_topic', 0.3144169706796379), ('positive', 4.503895869927488e-05)]\n",
      "[('negative', 0.6004121846839742), ('common_topic', 0.3995773004006183), ('positive', 1.0514915407505548e-05)]\n",
      "[('negative', 0.7688063009951422), ('common_topic', 0.23114653586756592), ('positive', 4.716313729189267e-05)]\n",
      "[('positive', 0.8130944942025967), ('common_topic', 0.17781017843504826), ('negative', 0.009095327362355065)]\n",
      "[('negative', 0.9689774314489451), ('common_topic', 0.0309490553554363), ('positive', 7.351319561861354e-05)]\n",
      "[('common_topic', 0.5866381483045653), ('positive', 0.4133482282740487), ('negative', 1.3623421386046892e-05)]\n",
      "[('negative', 0.5209223574941546), ('common_topic', 0.3161331935821979), ('positive', 0.1629444489236475)]\n",
      "[('negative', 0.7476459510357816), ('positive', 0.2522091844125742), ('common_topic', 0.00014486455164421265)]\n",
      "[('positive', 0.6104425106461766), ('common_topic', 0.38949577238782934), ('negative', 6.171696599395173e-05)]\n",
      "[('negative', 0.8188079764483698), ('common_topic', 0.18113647725379106), ('positive', 5.5546297839249025e-05)]\n",
      "[('negative', 0.9401370810538893), ('common_topic', 0.05980003772873044), ('positive', 6.288121738036849e-05)]\n",
      "[('common_topic', 0.597050368703912), ('negative', 0.3041703120443278), ('positive', 0.0987793192517602)]\n",
      "[('common_topic', 0.7337845459672871), ('negative', 0.26616417986976365), ('positive', 5.127416294928986e-05)]\n",
      "[('negative', 0.9986078592672277), ('common_topic', 0.0013288616085553376), ('positive', 6.327912421692084e-05)]\n",
      "[('negative', 0.9996611892258175), ('positive', 0.00016940538709130952), ('common_topic', 0.00016940538709130952)]\n",
      "[('common_topic', 0.4587540174658313), ('negative', 0.36655520566178623), ('positive', 0.17469077687238255)]\n",
      "[('common_topic', 0.5823354937932549), ('positive', 0.41755465231242445), ('negative', 0.00010985389432055367)]\n",
      "[('common_topic', 0.6745165109853967), ('positive', 0.2714993641187563), ('negative', 0.05398412489584704)]\n",
      "[('positive', 0.6242930907302681), ('common_topic', 0.35792148184575034), ('negative', 0.01778542742398164)]\n",
      "[('common_topic', 0.5141214696325919), ('negative', 0.4857952178622011), ('positive', 8.331250520703158e-05)]\n",
      "[('negative', 0.9998529736087629), ('positive', 7.351319561861355e-05), ('common_topic', 7.351319561861355e-05)]\n",
      "[('positive', 0.7452674497621591), ('common_topic', 0.20001294372714623), ('negative', 0.05471960651069476)]\n",
      "[('common_topic', 0.6088331859136771), ('negative', 0.338530500877022), ('positive', 0.052636313209300935)]\n",
      "[('negative', 0.9711775897664252), ('common_topic', 0.02878192932032547), ('positive', 4.048091324940291e-05)]\n",
      "[('negative', 0.8557993730407523), ('common_topic', 0.1441159027365924), ('positive', 8.472422265525713e-05)]\n",
      "[('common_topic', 0.9994740993952143), ('negative', 0.00026295030239284776), ('positive', 0.00026295030239284776)]\n",
      "[('common_topic', 0.6361244491218839), ('positive', 0.3638097743866342), ('negative', 6.577649148194435e-05)]\n",
      "[('negative', 0.9297832873365607), ('common_topic', 0.07017146993620776), ('positive', 4.5242727231597524e-05)]\n",
      "[('positive', 0.510753074875926), ('common_topic', 0.48917499820182686), ('negative', 7.192692224699703e-05)]\n",
      "[('positive', 0.7321040158426128), ('common_topic', 0.26786351978703377), ('negative', 3.2464370353536995e-05)]\n",
      "[('negative', 0.5778828994703), ('common_topic', 0.27819165510013316), ('positive', 0.1439254454295669)]\n",
      "[('positive', 0.6113129668924221), ('common_topic', 0.23925239077987384), ('negative', 0.14943464232770395)]\n",
      "[('positive', 0.47279737255461945), ('common_topic', 0.4713694131086677), ('negative', 0.05583321433671283)]\n",
      "[('common_topic', 0.49754381075148946), ('positive', 0.4327422220673798), ('negative', 0.0697139671811309)]\n",
      "[('positive', 0.48182433059692586), ('common_topic', 0.4221450074930706), ('negative', 0.0960306619100036)]\n",
      "[('positive', 0.593095787404939), ('common_topic', 0.3965649833376057), ('negative', 0.010339229257455352)]\n",
      "[('common_topic', 0.580181941207428), ('positive', 0.41678570533543846), ('negative', 0.003032353457133549)]\n",
      "[('common_topic', 0.8172816623173914), ('negative', 0.1702558349389069), ('positive', 0.012462502743701679)]\n",
      "[('common_topic', 0.9766812408911097), ('negative', 0.023110555902560906), ('positive', 0.0002082032063293775)]\n",
      "[('common_topic', 0.5588882937570672), ('negative', 0.3273820151163482), ('positive', 0.11372969112658454)]\n",
      "[('negative', 0.8377710369621391), ('common_topic', 0.1621915140620904), ('positive', 3.744897577051268e-05)]\n",
      "[('common_topic', 0.8663713105430162), ('positive', 0.13356881997246006), ('negative', 5.986948452373826e-05)]\n",
      "[('negative', 0.7394640469685521), ('common_topic', 0.2604778236354124), ('positive', 5.812939603557519e-05)]\n",
      "[('positive', 0.49257797010499454), ('common_topic', 0.48947468234401664), ('negative', 0.017947347550988743)]\n",
      "[('negative', 0.7105043086208778), ('common_topic', 0.27927862415009275), ('positive', 0.01021706722902956)]\n",
      "[('positive', 0.8290427393151713), ('common_topic', 0.1408814463050904), ('negative', 0.030075814379738396)]\n",
      "[('common_topic', 0.8815918447363262), ('positive', 0.09416454290008495), ('negative', 0.024243612363588837)]\n",
      "[('common_topic', 0.7104887288082965), ('negative', 0.1938148171148233), ('positive', 0.09569645407688007)]\n",
      "[('negative', 0.9743501344549403), ('common_topic', 0.018685789147073018), ('positive', 0.006964076397986623)]\n",
      "[('common_topic', 0.796551029993961), ('negative', 0.203381869422264), ('positive', 6.710058377507885e-05)]\n",
      "[('positive', 0.5549848665504906), ('negative', 0.27891406035036226), ('common_topic', 0.16610107309914704)]\n",
      "[('negative', 0.5423149517930929), ('common_topic', 0.45763403560679483), ('positive', 5.101260011222771e-05)]\n",
      "[('negative', 0.6146721462307552), ('common_topic', 0.38281297920628105), ('positive', 0.002514874562963872)]\n",
      "[('common_topic', 0.6178350909786351), ('negative', 0.27632369815857055), ('positive', 0.10584121086279438)]\n",
      "[('positive', 0.6687195073182436), ('common_topic', 0.33120051187714944), ('negative', 7.998080460689435e-05)]\n",
      "[('common_topic', 0.7845821734931546), ('positive', 0.21536101800829405), ('negative', 5.68084985513833e-05)]\n",
      "[('positive', 0.5053282138677289), ('common_topic', 0.4108781799889124), ('negative', 0.08379360614335872)]\n",
      "[('common_topic', 0.6150677609030595), ('negative', 0.31635380310033645), ('positive', 0.06857843599660411)]\n",
      "[('negative', 0.5116598079561043), ('common_topic', 0.48226533411718603), ('positive', 0.006074857926709779)]\n",
      "[('positive', 0.8178326656292422), ('negative', 0.116577823395027), ('common_topic', 0.0655895109757309)]\n",
      "[('common_topic', 0.4851610855419775), ('positive', 0.2788446278368513), ('negative', 0.23599428662117125)]\n",
      "[('positive', 0.6095682440939051), ('common_topic', 0.39035769828926903), ('negative', 7.405761682589055e-05)]\n",
      "[('negative', 0.5165355262379459), ('common_topic', 0.48340531266639053), ('positive', 5.916109566349168e-05)]\n",
      "[('common_topic', 0.6359020427293676), ('negative', 0.36405889934773267), ('positive', 3.905792289966019e-05)]\n",
      "[('common_topic', 0.8447935795415902), ('positive', 0.15513840712779706), ('negative', 6.80133306128001e-05)]\n",
      "[('common_topic', 0.6096328549158737), ('negative', 0.39031339031339024), ('positive', 5.37547707359028e-05)]\n",
      "[('negative', 0.5899037860802199), ('common_topic', 0.34374609521429467), ('positive', 0.06635011870548543)]\n",
      "[('positive', 0.567529032137028), ('common_topic', 0.33433390240699395), ('negative', 0.09813706545597808)]\n",
      "[('negative', 0.712878674824653), ('positive', 0.17962493160224838), ('common_topic', 0.10749639357309854)]\n",
      "[('negative', 0.7614357846323052), ('common_topic', 0.23851422286657), ('positive', 4.999250112483127e-05)]\n",
      "[('negative', 0.7346447373790963), ('common_topic', 0.26490633799942864), ('positive', 0.0004489246214749214)]\n",
      "[('negative', 0.46363001801860304), ('common_topic', 0.41947632420499), ('positive', 0.116893657776407)]\n",
      "[('common_topic', 0.710803982761183), ('positive', 0.26964312251873557), ('negative', 0.019552894720081523)]\n",
      "[('common_topic', 0.6455103461368095), ('positive', 0.23103208251597795), ('negative', 0.12345757134721257)]\n",
      "[('negative', 0.5968379446640316), ('common_topic', 0.4030845539796946), ('positive', 7.750135627373479e-05)]\n",
      "[('common_topic', 0.6049345868775804), ('positive', 0.38257971447047706), ('negative', 0.012485698651942493)]\n",
      "[('negative', 0.8159034859694727), ('common_topic', 0.18402986069452776), ('positive', 6.665333599946676e-05)]\n",
      "[('negative', 0.5207427124586119), ('common_topic', 0.47919236512367713), ('positive', 6.492241771083554e-05)]\n",
      "[('negative', 0.8751854089985167), ('common_topic', 0.12475965500192276), ('positive', 5.4935999560512006e-05)]\n",
      "[('negative', 0.7094163572312673), ('common_topic', 0.2885842140340855), ('positive', 0.001999428734647244)]\n",
      "[('positive', 0.989753842309134), ('common_topic', 0.010121204548294389), ('negative', 0.00012495314257153565)]\n",
      "[('positive', 0.8261860913794615), ('common_topic', 0.17372621240024555), ('negative', 8.769622029290537e-05)]\n",
      "[('positive', 0.5676225827695622), ('negative', 0.243129976650901), ('common_topic', 0.1892474405795366)]\n",
      "[('positive', 0.4374127241244484), ('negative', 0.3173211193654695), ('common_topic', 0.2452661565100821)]\n",
      "[('positive', 0.8937668434321482), ('common_topic', 0.10614622272450665), ('negative', 8.693384334521429e-05)]\n",
      "[('positive', 0.5381538881061673), ('common_topic', 0.46180066354588006), ('negative', 4.544834795255192e-05)]\n",
      "[('positive', 0.821132643977265), ('common_topic', 0.1781140861466822), ('negative', 0.0007532698760528659)]\n",
      "[('common_topic', 0.5177072534528309), ('positive', 0.34147075544259775), ('negative', 0.14082199110457147)]\n",
      "[('common_topic', 0.5077307512103701), ('positive', 0.4921130719975012), ('negative', 0.00015617679212868969)]\n",
      "[('positive', 0.6593091161041275), ('common_topic', 0.34059190339503115), ('negative', 9.898050084133426e-05)]\n",
      "[('common_topic', 0.5133990541844105), ('positive', 0.48657741806460725), ('negative', 2.3527750982283606e-05)]\n",
      "[('negative', 0.6303574453667626), ('positive', 0.36947314924614605), ('common_topic', 0.0001694053870913095)]\n",
      "[('common_topic', 0.739941913060039), ('negative', 0.26001047469409133), ('positive', 4.761224586963767e-05)]\n",
      "[('negative', 0.9296336138707841), ('positive', 0.07030310700499906), ('common_topic', 6.327912421692085e-05)]\n",
      "[('common_topic', 0.6118054641933078), ('negative', 0.3877121431390607), ('positive', 0.000482392667631452)]\n",
      "[('negative', 0.5687224153419521), ('common_topic', 0.4312385267351483), ('positive', 3.90579228996602e-05)]\n",
      "[('common_topic', 0.6356428665815089), ('positive', 0.3643130863762498), ('negative', 4.404704224111351e-05)]\n",
      "[('common_topic', 0.5054981672775741), ('positive', 0.4943907586360102), ('negative', 0.00011107408641563923)]\n",
      "[('common_topic', 0.6825661320558217), ('positive', 0.17989307783100744), ('negative', 0.13754079011317089)]\n",
      "[('common_topic', 0.6586034489510855), ('positive', 0.32859026408887376), ('negative', 0.012806286960040731)]\n",
      "[('common_topic', 0.6121053728007878), ('negative', 0.3624983428971839), ('positive', 0.025396284302028296)]\n",
      "[('negative', 0.7168838326181948), ('common_topic', 0.2830768019525254), ('positive', 3.9365429280006304e-05)]\n",
      "[('common_topic', 0.6381370397464033), ('positive', 0.3300820937982606), ('negative', 0.03178086645533609)]\n",
      "[('negative', 0.9973116021171132), ('common_topic', 0.0026043854490464587), ('positive', 8.401243384020834e-05)]\n",
      "[('positive', 0.6218371218210462), ('common_topic', 0.37684467736231236), ('negative', 0.0013182008166414817)]\n",
      "[('negative', 0.860286957086282), ('common_topic', 0.1396481204960073), ('positive', 6.492241771083557e-05)]\n",
      "[('common_topic', 0.7923278770461076), ('positive', 0.19880044983131326), ('negative', 0.008871673122579032)]\n",
      "[('common_topic', 0.5528101121188318), ('positive', 0.44711847461258303), ('negative', 7.141326858530316e-05)]\n",
      "[('positive', 0.701054629055213), ('common_topic', 0.22154508630441924), ('negative', 0.07740028464036786)]\n",
      "[('common_topic', 0.5529939814342548), ('negative', 0.4469040089768438), ('positive', 0.00010200958890135673)]\n",
      "[('common_topic', 0.6226987519823485), ('positive', 0.375853271736882), ('negative', 0.001447976280769496)]\n",
      "[('common_topic', 0.6998186363413559), ('positive', 0.2266392170318448), ('negative', 0.07354214662679934)]\n",
      "[('positive', 0.5170855303704718), ('negative', 0.44655207834006705), ('common_topic', 0.03636239128946106)]\n",
      "[('positive', 0.5948991051697279), ('common_topic', 0.3050755352679057), ('negative', 0.10002535956236643)]\n",
      "[('common_topic', 0.693252066026072), ('negative', 0.2036960718391428), ('positive', 0.10305186213478515)]\n",
      "[('common_topic', 0.4475355028678343), ('positive', 0.334969174615833), ('negative', 0.2174953225163329)]\n",
      "[('positive', 0.889483634375783), ('common_topic', 0.11049358813748492), ('negative', 2.277748673211398e-05)]\n",
      "[('common_topic', 0.6062106426957651), ('negative', 0.35480459549103494), ('positive', 0.038984761813200014)]\n",
      "[('common_topic', 0.4746348431092476), ('negative', 0.4704879509745196), ('positive', 0.05487720591623278)]\n",
      "[('common_topic', 0.7772261650875784), ('positive', 0.15596266125930847), ('negative', 0.06681117365311333)]\n",
      "[('negative', 0.8120124214193742), ('common_topic', 0.18791183821858665), ('positive', 7.574036203893054e-05)]\n",
      "[('positive', 0.7006447873650656), ('common_topic', 0.2992827646163877), ('negative', 7.244801854669275e-05)]\n",
      "[('common_topic', 0.6611645045899237), ('negative', 0.3318967374908417), ('positive', 0.006938757919234582)]\n",
      "[('common_topic', 0.8011003963793409), ('negative', 0.1467786783411229), ('positive', 0.05212092527953618)]\n",
      "[('common_topic', 0.7179382119151029), ('negative', 0.2819798410226993), ('positive', 8.194706219782021e-05)]\n",
      "[('common_topic', 0.6071702022249245), ('negative', 0.38828086294644865), ('positive', 0.004548934828626762)]\n",
      "[('common_topic', 0.5671020944318763), ('negative', 0.4328249288476975), ('positive', 7.297672042618405e-05)]\n",
      "[('negative', 0.627022148163577), ('common_topic', 0.3722141220579046), ('positive', 0.0007637297785183642)]\n",
      "[('positive', 0.7760862848636352), ('common_topic', 0.1710810886723029), ('negative', 0.052832626464062026)]\n",
      "[('negative', 0.9114643421783533), ('common_topic', 0.08849292825706107), ('positive', 4.272956458573687e-05)]\n",
      "[('common_topic', 0.62335201386929), ('positive', 0.37660766842720644), ('negative', 4.0317703503608436e-05)]\n",
      "[('common_topic', 0.5997073408665962), ('negative', 0.21003712435303362), ('positive', 0.19025553478037016)]\n",
      "[('negative', 0.6979939366574212), ('common_topic', 0.3019415596981229), ('positive', 6.450364445591176e-05)]\n",
      "[('common_topic', 0.9848640568065028), ('negative', 0.011305241521068857), ('positive', 0.0038307016724282907)]\n",
      "[('negative', 0.8160857425920922), ('common_topic', 0.18382419165991173), ('positive', 9.006574799603711e-05)]\n",
      "[('positive', 0.7131817103345423), ('common_topic', 0.2569569196352914), ('negative', 0.029861370030166427)]\n",
      "[('common_topic', 0.9997561867609411), ('negative', 0.00012190661952944045), ('positive', 0.00012190661952944045)]\n",
      "[('common_topic', 0.6951701951919315), ('positive', 0.3043516063122202), ('negative', 0.0004781984958483676)]\n",
      "[('negative', 0.9869812855980471), ('common_topic', 0.0129024758805068), ('positive', 0.00011623852144600719)]\n",
      "[('negative', 0.7380191693290735), ('positive', 0.2618777697619293), ('common_topic', 0.00010306090899721736)]\n",
      "[('common_topic', 0.7629500833152213), ('negative', 0.23697746866623198), ('positive', 7.244801854669275e-05)]\n",
      "[('negative', 0.7300258930231893), ('common_topic', 0.2685292476717737), ('positive', 0.0014448593050369798)]\n",
      "[('negative', 0.8675486732316018), ('common_topic', 0.1323761557543411), ('positive', 7.517101405697961e-05)]\n",
      "[('positive', 0.5902194406878375), ('common_topic', 0.36910061893527335), ('negative', 0.040679940376889136)]\n",
      "[('common_topic', 0.5828990747633733), ('negative', 0.4169945761990854), ('positive', 0.00010634903754121025)]\n",
      "[('common_topic', 0.6181494527137068), ('positive', 0.38105518312312997), ('negative', 0.0007953641631632771)]\n",
      "[('common_topic', 0.999878809913349), ('negative', 6.059504332545598e-05), ('positive', 6.059504332545598e-05)]\n",
      "[('negative', 0.450803888360439), ('common_topic', 0.319258520288611), ('positive', 0.22993759135095007)]\n",
      "[('negative', 0.6090922636292899), ('common_topic', 0.38244789166101023), ('positive', 0.008459844709699849)]\n",
      "[('negative', 0.6551998607069124), ('common_topic', 0.3333333333333333), ('positive', 0.011466805959754247)]\n",
      "[('common_topic', 0.9998437866125126), ('negative', 7.810669374365383e-05), ('positive', 7.810669374365383e-05)]\n",
      "[('common_topic', 0.5653139907207737), ('positive', 0.4267790629288375), ('negative', 0.007906946350388813)]\n",
      "[('negative', 0.9395873218464158), ('common_topic', 0.060341771254343056), ('positive', 7.090689924129619e-05)]\n",
      "[('negative', 0.47153347966290005), ('common_topic', 0.4287185323686421), ('positive', 0.09974798796845784)]\n",
      "[('positive', 0.5424354243542435), ('common_topic', 0.40872118398603347), ('negative', 0.048843391659723054)]\n",
      "[('common_topic', 0.999194792994699), ('negative', 0.0007381064215258673), ('positive', 6.710058377507885e-05)]\n",
      "[('negative', 0.6053904254741075), ('common_topic', 0.39455523555941957), ('positive', 5.433896647285768e-05)]\n",
      "[('negative', 0.7482867048294767), ('positive', 0.2516326695154398), ('common_topic', 8.062565508344755e-05)]\n",
      "[('common_topic', 0.662909725664289), ('negative', 0.2344891494084434), ('positive', 0.10260112492726763)]\n",
      "[('negative', 0.5306137342187842), ('positive', 0.2518426621907611), ('common_topic', 0.21754360359045466)]\n",
      "[('common_topic', 0.46730731770664247), ('negative', 0.2707832824708352), ('positive', 0.26190939982252237)]\n",
      "[('negative', 0.8315088053307949), ('common_topic', 0.16833254006028875), ('positive', 0.00015865460891638903)]\n",
      "[('common_topic', 0.9997802922113589), ('negative', 0.00010985389432055367), ('positive', 0.00010985389432055367)]\n",
      "[('positive', 0.707089463409989), ('common_topic', 0.22953863733752322), ('negative', 0.06337189925248775)]\n",
      "[('common_topic', 0.7036692554527275), ('negative', 0.1711854159884667), ('positive', 0.12514532855880575)]\n",
      "[('common_topic', 0.7022352467965294), ('positive', 0.29368499683962535), ('negative', 0.004079756363845314)]\n",
      "[('negative', 0.511373548949876), ('positive', 0.4885593504663491), ('common_topic', 6.710058377507885e-05)]\n",
      "[('common_topic', 0.5286494492270666), ('negative', 0.47125798389336293), ('positive', 9.256687957048968e-05)]\n",
      "[('common_topic', 0.6925616802714849), ('positive', 0.21196001100614512), ('negative', 0.09547830872237)]\n",
      "[('common_topic', 0.9345784380244974), ('positive', 0.06538585151590902), ('negative', 3.571045959361497e-05)]\n",
      "[('negative', 0.86711104057557), ('common_topic', 0.13283605776860818), ('positive', 5.2901655821827224e-05)]\n",
      "[('common_topic', 0.6429819147934689), ('positive', 0.3570076252837254), ('negative', 1.0459922805769695e-05)]\n",
      "[('positive', 0.7631708738734699), ('common_topic', 0.23678428910908847), ('negative', 4.483701744159979e-05)]\n",
      "[('negative', 0.6945944144504433), ('common_topic', 0.30533893221355723), ('positive', 6.665333599946678e-05)]\n",
      "[('negative', 0.9229716931495316), ('positive', 0.07166158055350941), ('common_topic', 0.005366726296958855)]\n",
      "[('positive', 0.5176487001813701), ('common_topic', 0.37813328372785193), ('negative', 0.10421801609077803)]\n",
      "[('common_topic', 0.6923508247278165), ('positive', 0.19221843216049098), ('negative', 0.1154307431116926)]\n",
      "[('negative', 0.9575696989892257), ('positive', 0.042319226924358536), ('common_topic', 0.00011107408641563921)]\n",
      "[('common_topic', 0.9992009588493808), ('negative', 0.00039952057530962844), ('positive', 0.00039952057530962844)]\n",
      "[('common_topic', 0.7005220561831893), ('positive', 0.23177637212385718), ('negative', 0.06770157169295363)]\n",
      "[('negative', 0.4709367858287747), ('common_topic', 0.35315346990269175), ('positive', 0.17590974426853354)]\n",
      "[('negative', 0.5950151376469759), ('positive', 0.38308807998310207), ('common_topic', 0.021896782369921843)]\n",
      "[('common_topic', 0.5975051357572457), ('positive', 0.3495037497215553), ('negative', 0.05299111452119892)]\n",
      "[('positive', 0.42794204863170376), ('negative', 0.37371854613233924), ('common_topic', 0.19833940523595697)]\n",
      "[('negative', 0.873813324372007), ('common_topic', 0.12610266319415273), ('positive', 8.401243384020834e-05)]\n",
      "[('common_topic', 0.6370052343704052), ('positive', 0.34588013879903545), ('negative', 0.01711462683055931)]\n",
      "[('common_topic', 0.8396583519363293), ('negative', 0.1592739978646996), ('positive', 0.0010676501989711734)]\n",
      "[('positive', 0.5184201481111146), ('negative', 0.25188263600287475), ('common_topic', 0.22969721588601072)]\n",
      "[('common_topic', 0.5956561259149403), ('positive', 0.4042960340620963), ('negative', 4.7840022963211013e-05)]\n",
      "[('positive', 0.8440850946453816), ('common_topic', 0.15588042616281075), ('negative', 3.447919180774403e-05)]\n",
      "[('negative', 0.4690354599726678), ('positive', 0.4625620369704381), ('common_topic', 0.06840250305689419)]\n",
      "[('common_topic', 0.5952184046312308), ('negative', 0.23334085156504525), ('positive', 0.17144074380372407)]\n",
      "[('negative', 0.514503284310876), ('common_topic', 0.3935941405568796), ('positive', 0.09190257513224437)]\n",
      "[('negative', 0.5208975178747892), ('common_topic', 0.4790443527291751), ('positive', 5.812939603557518e-05)]\n",
      "[('common_topic', 0.5385218584591256), ('negative', 0.46141279487682146), ('positive', 6.534666405280009e-05)]\n",
      "[('negative', 0.8093318065254907), ('common_topic', 0.19065206522265055), ('positive', 1.612825185878103e-05)]\n",
      "[('common_topic', 0.7314724196133499), ('negative', 0.20383529778874657), ('positive', 0.06469228259790363)]\n",
      "[('common_topic', 0.48290218126178697), ('positive', 0.4373554424794507), ('negative', 0.07974237625876242)]\n",
      "[('positive', 0.555968026823938), ('common_topic', 0.38292967697512204), ('negative', 0.06110229620094004)]\n",
      "[('common_topic', 0.6066217563362838), ('positive', 0.3933480349213062), ('negative', 3.0208742410053474e-05)]\n",
      "[('common_topic', 0.6312849162011174), ('negative', 0.26762267373590015), ('positive', 0.10109241006298261)]\n",
      "[('positive', 0.8113151512151662), ('common_topic', 0.18863535118546754), ('negative', 4.949759936643074e-05)]\n",
      "[('negative', 0.7583059057318512), ('common_topic', 0.24163199403837793), ('positive', 6.210022977085015e-05)]\n",
      "[('positive', 0.856198613574077), ('common_topic', 0.14364017410930194), ('negative', 0.00016121231662098986)]\n",
      "[('negative', 0.771450122572129), ('positive', 0.2189326796153121), ('common_topic', 0.00961719781255893)]\n",
      "[('positive', 0.46135282355374757), ('negative', 0.3917120595738812), ('common_topic', 0.14693511687237124)]\n",
      "[('common_topic', 0.6107094161880758), ('positive', 0.3892492666198405), ('negative', 4.1317192083625994e-05)]\n",
      "[('common_topic', 0.5113961291175644), ('negative', 0.4885873427763913), ('positive', 1.652810604432838e-05)]\n",
      "[('common_topic', 0.6025927971397844), ('negative', 0.2837252565183269), ('positive', 0.1136819463418888)]\n",
      "[('common_topic', 0.712935698144217), ('positive', 0.2856262411833185), ('negative', 0.0014380606724645622)]\n",
      "[('common_topic', 0.8870074719131322), ('negative', 0.11293877331613181), ('positive', 5.3754770735902814e-05)]\n",
      "[('negative', 0.7972938033267258), ('common_topic', 0.20262001206584504), ('positive', 8.618460742911315e-05)]\n",
      "[('negative', 0.7385645572007923), ('common_topic', 0.261341129868905), ('positive', 9.431293030274451e-05)]\n",
      "[('negative', 0.47226190276120533), ('common_topic', 0.4695729627077626), ('positive', 0.05816513453103205)]\n",
      "[('common_topic', 0.8613154324073413), ('negative', 0.13861315432407342), ('positive', 7.141326858530316e-05)]\n",
      "[('common_topic', 0.5608272293411185), ('positive', 0.37866895092914704), ('negative', 0.060503819729734454)]\n",
      "[('negative', 0.43263371699390657), ('common_topic', 0.3269100567678767), ('positive', 0.24045622623821675)]\n",
      "[('common_topic', 0.4422498577582703), ('negative', 0.3585304397301471), ('positive', 0.19921970251158255)]\n",
      "[('positive', 0.7405163794624477), ('common_topic', 0.2594248073869317), ('negative', 5.881315062047873e-05)]\n",
      "[('common_topic', 0.43937787203958995), ('positive', 0.3449477351916376), ('negative', 0.21567439276877237)]\n",
      "[('common_topic', 0.6564834209382286), ('positive', 0.343477058056357), ('negative', 3.9521005414377744e-05)]\n",
      "[('negative', 0.5769070171197503), ('common_topic', 0.3002219633870294), ('positive', 0.12287101949322023)]\n",
      "[('common_topic', 0.6647687821135954), ('positive', 0.2875063648567329), ('negative', 0.04772485302967181)]\n",
      "[('negative', 0.8182934315531001), ('common_topic', 0.180741910023678), ('positive', 0.0009646584232219592)]\n",
      "[('common_topic', 0.46366080271659665), ('positive', 0.40989482620383905), ('negative', 0.12644437107956422)]\n",
      "[('positive', 0.41456061900216046), ('negative', 0.3311561071195297), ('common_topic', 0.25428327387830973)]\n",
      "[('common_topic', 0.7097371343946686), ('positive', 0.2901394545230162), ('negative', 0.0001234110823151919)]\n",
      "[('common_topic', 0.6990903876096042), ('negative', 0.300827665328198), ('positive', 8.194706219782021e-05)]\n",
      "[('negative', 0.6906166552816246), ('common_topic', 0.3093212444886046), ('positive', 6.210022977085015e-05)]\n",
      "[('common_topic', 0.8492090666301445), ('negative', 0.15072245429021436), ('positive', 6.847907964116963e-05)]\n",
      "[('common_topic', 0.5021066914232665), ('negative', 0.38213240019995715), ('positive', 0.11576090837677641)]\n",
      "[('positive', 0.47854031279011633), ('negative', 0.47068485324573306), ('common_topic', 0.05077483396415052)]\n",
      "[('positive', 0.8511735606778235), ('negative', 0.11721573167736729), ('common_topic', 0.03161070764480932)]\n",
      "[('negative', 0.9998620974970697), ('positive', 6.895125146521411e-05), ('common_topic', 6.895125146521411e-05)]\n",
      "[('common_topic', 0.6895466323496166), ('positive', 0.26643827278576765), ('negative', 0.044015094864615766)]\n",
